3 0.240738 0.342932 0.123067 0.214660
3 0.342884 0.369764 0.109120 0.189791
3 0.497949 0.609948 0.097633 0.183246
3 0.601325 0.535995 0.118965 0.200262
3 0.587378 0.729712 0.109120 0.166230
3 0.111518 0.691099 0.048406 0.109948
3 0.164437 0.673429 0.073840 0.116492
3 0.303913 0.710733 0.067277 0.078534
3 0.767466 0.617801 0.086967 0.164921
3 0.834743 0.799084 0.054150 0.085079
3 0.867971 0.882199 0.046766 0.057592
3 0.951657 0.959424 0.043484 0.062827
3 0.503282 0.734293 0.082045 0.117801
3 0.041370 0.321990 0.082045 0.217277