4 0.081546 0.378272 0.030306 0.094241
4 0.116514 0.468586 0.058281 0.198953
4 0.272706 0.553010 0.053618 0.383508
4 0.335066 0.597513 0.101408 0.370419
4 0.475522 0.297120 0.055949 0.240838
4 0.446965 0.560864 0.064109 0.370419
4 0.540796 0.674084 0.055949 0.452880
4 0.726128 0.445026 0.065274 0.523560
4 0.814132 0.665576 0.159689 0.611257
4 0.923117 0.482984 0.107236 0.298429
4 0.813549 0.130236 0.109567 0.239529
4 0.344391 0.341623 0.017484 0.099476
4 0.379359 0.396597 0.045459 0.102094
4 0.961582 0.689791 0.065274 0.081152
4 0.898056 0.754581 0.092083 0.323298