2 0.377344 0.299219 0.207813 0.195312
2 0.557031 0.331250 0.217188 0.203125
2 0.565625 0.487500 0.200000 0.146875
2 0.374219 0.468750 0.198437 0.168750
2 0.366406 0.589844 0.192188 0.114062
2 0.361719 0.678906 0.182812 0.082812
2 0.370312 0.775000 0.178125 0.125000
2 0.507031 0.686719 0.076563 0.117188
2 0.553125 0.823438 0.109375 0.118750
2 0.506250 0.940625 0.218750 0.118750
2 0.111719 0.771875 0.220312 0.200000
2 0.146094 0.925000 0.167187 0.150000
2 0.705469 0.631250 0.051562 0.031250
2 0.707031 0.714063 0.023438 0.031250
2 0.696094 0.443750 0.032813 0.115625
