0 0.910937 0.611719 0.178125 0.110937
2 0.572656 0.599219 0.223438 0.126562
2 0.387500 0.498437 0.243750 0.337500
2 0.221875 0.537500 0.225000 0.237500
2 0.107813 0.471875 0.196875 0.187500
2 0.071094 0.401562 0.139063 0.171875
2 0.089844 0.221875 0.176563 0.212500
2 0.068750 0.096094 0.134375 0.139063
2 0.218750 0.079687 0.146875 0.153125
2 0.363281 0.059375 0.142187 0.115625
2 0.514844 0.032813 0.110937 0.062500
2 0.600000 0.034375 0.087500 0.062500
2 0.703906 0.027344 0.104688 0.051562
2 0.807031 0.060937 0.145313 0.078125
2 0.937500 0.131250 0.118750 0.162500
2 0.803125 0.157812 0.168750 0.146875
2 0.825000 0.272656 0.225000 0.204687
2 0.957031 0.301563 0.085938 0.196875
2 0.877344 0.435937 0.170313 0.171875
2 0.954688 0.502344 0.090625 0.123438
2 0.820312 0.570312 0.259375 0.193750
2 0.700000 0.436719 0.325000 0.254688
2 0.391406 0.500781 0.257812 0.332813
2 0.475000 0.327344 0.221875 0.326562
2 0.658594 0.295312 0.195312 0.190625
2 0.542188 0.132812 0.231250 0.237500
2 0.372656 0.203125 0.210938 0.225000
2 0.239063 0.208594 0.121875 0.139063
2 0.084375 0.230469 0.165625 0.235937
2 0.364844 0.212500 0.210938 0.253125
2 0.666406 0.127344 0.145313 0.160938
